
strategic_region={
	id=42
	name="STRATEGICREGION_42"
	provinces={
		4292 4293 4294 4295 4296 4297 4298 4305 4306 4313 4322 4324 4325 4327 4328 4329 4331 4332 4341 4345 4353 4354 4360 4364 4366 4368 4373 4378 4379 4402 4404 4405 4412 4419 4425 4433 4435 4436 4437 4442 4457 4459 4462 4465 4478 4497 4498 4504 4507 4508 4512 4521 4522 4528 4531 4545 4549 4565 4571 4577 4579 4582 4585 4586 4594 4595 4600 4601 4606 4616 4618 4620 4640 4650 4658 4665 4671 4685 4705 4706 4707 4713 
	}
	weather={
	}
}
