state={
	id=472
	name="STATE_472"
	provinces={
		174 362 405 563 608 677 701 761 777 1016 1088 1217 1233 1261 1276 1335 1515 1570 1686 1739 1860 1883 1936 2104 2164 2169 2275 2322 2613 2632 2675 2830 3035 3340 3405 3650 3768 3790 3856 3952 4328 4338 4527 4998 5157 5191 5273 5333 5389 5875 5922 6345 6502 6522 6788 7216 7316 7594 7801 7858 7972 8012 8073 8272 8361 8365 8399 8667 8854 8856 9144 9270 9321 9741 9751 9887 9916 10027 12677 12762 12801 12829 12860 12915 12972 13007 13023 13027 13096 13104 13106 13110 13147 13207 13227 13251 13257 13312 
	}
	history={
		owner = AMD
		add_core_of = AMD
		1924.1.1 = {
			owner = TIB
			add_core_of = TIB
			remove_core_of = ADM
		}
		buildings = {
			infrastructure = 1
		}
	}
	manpower=150000
	buildings_max_level_factor=1.000
	state_category=pastoral
	local_supplies=0.000
}
