
state={
	id=550
	name="STATE_550"
	provinces={
		77 145 195 237 267 314 323 346 442 459 460 461 499 554 562 653 721 731 820 823 979 1036 1056 1095 1113 1127 1190 1206 1207 1296 1304 1356 1398 1414 1475 1520 1589 1602 1617 1619 1637 1643 1651 1679 1680 1828 1830 1861 1876 1897 1959 1973 1977 2038 2070 2078 2090 2206 2241 2287 2325 2384 2397 2458 2468 2535 2554 2559 2637 2645 2689 2712 2962 3052 3054 3172 3174 3206 3219 3258 3300 3328 3353 3380 3439 3481 3556 3688 3815 3886 3936 3947 3949 3953 4005 4024 4110 4125 4127 4190 4227 4245 4308 4406 4519 4523 4529 4617 4749 4750 4800 4854 4917 4978 5035 5143 5180 5255 5260 5357 5375 5411 5459 5491 5561 5567 5607 5609 5664 5685 5739 5759 5825 6110 6186 6276 6294 6331 6344 6619 6659 6691 6702 6710 6856 6871 6972 7003 7023 7032 7072 7081 7190 7443 7556 7573 7622 7625 7636 7765 7838 7987 8066 8127 8255 8401 8429 8454 8480 8485 8547 8587 8773 8971 8991 9073 9355 9368 9419 9423 9440 9499 9558 9691 9920 9974 10077 10232 10282 10316 10317 10318 10319 10337 10339 10340 10348 10350 10352 10353 10354 10365 10369 10372 10373 10379 10384 10387 10397 10402 10415 10419 10421 10431 10450 10453 10458 10460 10466 10475 10479 10480 10481 10485 10487 10492 10503 10506 10530 10533 10534 10552 10553 10582 10585 10589 10592 10608 10609 10611 10612 10620 10632 10662 10690 10694 10735 10749 10761 10794 2518
	}
	history={
		owner = SIB
		add_core_of = SIB
		victory_points = { 6331 5 } #伊尔库茨克
		buildings = {
			infrastructure = 2
			industrial_complex = 1
			arms_factory = 1
		}
	}
	manpower=1013939
	buildings_max_level_factor=1.000
	state_category=rural
	local_supplies=0.000
}
