
state={
	id=101
	name="STATE_101"
	provinces={
		35 50 67 128 155 156 224 266 274 278 356 388 422 427 432 444 491 502 527 530 585 600 671 712 856 880 928 935 938 1018 1023 1055 1119 1193 1247 1315 1337 1347 1350 1370 1400 1408 1420 1424 1445 1600 1660 1725 1793 1806 1844 1930 2000 2026 2115 2116 2140 2199 2220 2251 2286 2375 2408 2409 2489 2500 2564 2572 2579 2649 2679 2686 2709 2716 2744 2772 2776 2787 2794 2883 2892 2893 2900 2902 3053 3057 3113 3149 3194 3214 3216 3225 3230 3236 3251 3260 3329 3348 3375 3412 3420 3454 3541 3586 3592 3633 3645 3654 3676 3699 3721 3727 3761 3762 3795 3797 3807 3829 3887 3898 3905 3917 3928 3957 3973 3997 4001 4031 4079 4085 4107 4136 4187 4205 4222 4266 4268 4300 4302 4311 4321 4341 4378 4401 4421 4436 4461 4483 4489 4496 4500 4508 4515 4534 4544 4564 4565 4575 4582 4608 4623 4624 4710 4789 4836 4844 4847 4881 4933 5018 5036 5040 5063 5149 5246 5304 5328 5344 5360 5374 5412 5413 5452 5473 5493 5566 5587 5611 5681 5783 5839 5845 5891 5916 5966 5996 5997 6050 6091 6134 6158 6190 6235 6257 6288 6348 6355 6426 6427 6446 6457 6487 6492 6681 6780 6784 6815 6827 6895 6923 6927 6984 7006 7030 7048 7061 7173 7184 7250 7327 7369 7373 7409 7414 7415 7421 7489 7495 7499 7535 7567 7570 7577 7580 7651 7653 7672 7691 7693 7768 7774 7779 7803 7815 7820 7835 7850 7854 7863 7908 7935 7940 7960 7969 7989 7999 8027 8034 8083 8182 8188 8227 8256 8355 8367 8385 8435 8443 8469 8488 8721 8748 8774 8785 8791 8794 8801 8816 8881 9013 9068 9111 9113 9212 9226 9245 9246 9252 9282 9296 9299 9331 9339 9369 9391 9483 9486 9537 9565 9594 9606 9630 9669 9707 9713 9716 9745 9788 9797 9839 9858 9910 9935 9939 9941 9944 9959 9986 10023 10024 10035 10068 10101 10111 10155 10159 10161 10222 10228 10231 12792 12796 12828 12831 12839 12847 12859 12866 12881 12884 12896 12899 12909 12932 12934 12938 12939 12945 12950 12960 12963 12966 12979 12986 12988 12989 12991 13001 13002 13003 13004 13006 13012 13021 13049 13125 13156 13160 13176 13177 13186 13189 13199 13217 13220 13221 13224 13253 13256 13266 13283 13292 13300 13301 13309 13310 13318 13319 13337 13341 13366 13367 13369 13370 13372 13385 13386 13390 13393 13403 13423 13425 13426 13438 13446 13448 13450 13459 13472 13494 13496 13501 13502 13506 13513 13521 13522 13523 13535 13540 13554 13578 13583 13593 13608 13617 13625 13629 13637 13641 13644 13655 13656 13673 13676 13680 13681 13699 13705 13706 13710 13720 13723 13725 13737 13740 13750 13752 13765 13771 13772 13775 13776 13798 13799 13802 13816 13823 13840 13845 13858 13864 13865 13887 13895 13897 13922 13932 13933 13938 13942 13943 13947 13957 13958 13972 13984 13985 13993 13997 14002 14018 14023 14041 14051 14052 14065 14080 14089 14091 14118 14134 14143 14151 14152 14154 14168 14178 14183 14184 14197 14205 14215 14225 14231 14252 14259 14274 14280 14285 14292 14303 14309 14331 14338 14344 14345 14350 14356 14357 14373 14378 14387 14388 14405 14406 14449 14450 18799 18808 
	}
    history={
		owner = HIN
		add_core_of = HIN
		buildings = {
			infrastructure = 2
		}
	}
	manpower=1
	state_category=rural
	buildings_max_level_factor=1.000
	local_supplies=0.000
}
