state={
	id=102
	name="STATE_102"
	provinces={
		298 487 557 875 1033 1455 1469 1610 1652 1822 2004 2030 2246 2301 2321 2334 2454 2498 2549 2957 3019 3106 3127 3281 3363 3514 3719 4025 4105 4124 4151 4265 4439 4685 4726 4849 5156 5387 5555 5610 5639 5643 5791 5853 6096 6610 6842 7112 7117 7334 7352 7485 7714 7910 8710 8730 8799 8867 9101 9135 9389 9424 9731 9817 9853 9871 10116 10248 10259 12702 12753 12778 12791 12808 12869 12871 12877 12894 12895 12907 12924 12927 12948 12949 12954 12975 12976 12978 12981 12998 13011 13019 13036 13037 13059 13067 13078 13081 13107 76 130 185 193 277 339 380 469 476 484 615 687 699 815 871 936 948 962 1068 1129 1134 1142 1180 1222 1287 1374 1389 1642 1683 1689 1690 1723 1747 1837 1840 2059 2183 2416 2440 2477 2525 2777 2815 2945 2987 2989 3042 3139 3299 3315 3332 3336 3359 3477 3509 3547 3594 3646 3707 3732 3808 4161 4202 4237 4291 4299 4395 4414 4430 4453 4506 4567 4723 4753 4808 4812 4850 4855 4996 5068 5095 5212 5215 5262 5263 5317 5698 5770 5800 5838 5841 5879 5969 6130 6180 6222 6250 6385 6526 6593 6615 6662 6721 6804 6897 7082 7163 7189 7284 7306 7404 7626 7879 7916 8015 8026 8132 8223 8224 8337 8347 8364 8411 8498 8524 8614 8734 8735 9045 9384 9401 9509 9533 9688 9738 9777 9812 9814 9848 9854 9901 9930 9954 10028 10029 10063 10166 10207 10213 10237 13042 13068 13072 13075 13080 13103 13113 13114 13118 13122 13131 13152 13154 13155 13174 13183 13195 13198 13209 13219 13223 13225 13226 13239 13244 13247 13255 13259 13260 13281 13282 13289 13291 13298 13299 13313 13317 13322 13330 13331 13334 13364 13365 13368 13374 13389 13410 13417 13422 13431 13447 13453 13454 13462 13467 13471 13486 13490 13505 13558 13563 13597 13654 13661 13686 13709 13716 13739 13764 13797 13838 13877 13908 
	} 
    history={
		owner = ZZZ
		add_core_of = ZZZ
		buildings = {
			infrastructure = 1
		}
	}
	manpower=6160000
	state_category=rural
	buildings_max_level_factor=1.000
	local_supplies=0.000
}
