
state={
	id=103
	name="STATE_103"
	provinces={
		17 168 189 327 436 839 951 958 1199 1215 1357 1548 1555 1599 1862 1926 2167 2260 2742 2968 3012 3521 3750 3974 4003 4240 4465 4711 4790 4905 4952 5079 5472 5608 5689 5826 6148 6223 6273 6342 6419 6460 6676 7221 7324 7696 7725 7964 7990 8601 9271 9428 9445 9482 9807 9876 10040 10148 10162 10263 12366 12369 12424 12440 12479 12547 12554 12567 12571 12630 12633 12645 12646 12650 12665 12682 12685 12687 12712 12716 12745 12749 12764 12770 12786 12790 12805 12813 
	}
	history={
		owner = TUK
		add_core_of = TUK
		buildings = {
			infrastructure = 1
		}
	}
	manpower=827167
	buildings_max_level_factor=1.000
	state_category=pastoral
	local_supplies=0.000
}
