state={
	id=104
	name="STATE_104"
	provinces={
		92 401 599 901 921 1330 1523 1618 1675 1825 1850 1924 2088 2102 2120 2217 2374 2479 2492 2597 2828 3055 3153 3561 3666 3885 3946 4030 4104 4293 4468 4472 4676 4867 4957 5187 5451 5523 5724 6019 6199 6207 6679 6778 6921 6960 7153 8360 8658 9043 9089 9152 9523 9603 9657 9833 10268 12715 12767 12787 12795 12806 12821 12863 12876 12893 12911 12926 12944 12957 12971 12999 13000 13087 13105 13130 13161 13172 
	}
    history={
		owner = ZZZ
		buildings = {
			infrastructure = 1
		}
	}
	manpower=1000914
	state_category=pastoral
	buildings_max_level_factor=1.000
}
