
state={
	id=106
	name="STATE_106"
	provinces={
		27 122 149 179 340 470 500 518 587 763 959 987 1066 1212 1225 1390 1412 1541 1542 1612 1688 1765 1952 2207 2261 2266 2279 2281 2387 2430 2484 2547 2560 2748 2827 2857 2895 2999 3068 3179 3413 3445 3559 3576 3614 3659 3744 3924 3965 3984 4009 4097 4230 4236 4353 4413 4524 4657 4667 4734 4759 4776 4810 4999 5219 5241 5324 5363 5404 5483 5490 5814 5957 5974 5978 5981 6004 6178 6339 6340 6395 6564 6600 6716 6821 6865 6911 6945 6961 7009 7125 7278 7548 7553 7640 7652 7684 7690 7711 7787 7788 7824 7840 7869 8069 8249 8281 8407 8459 8578 8693 8736 8741 8958 9029 9040 9110 9133 9208 9280 9303 9458 9540 9567 9690 9729 9737 9879 9894 9913 9936 10072 10164 10206 10256 10276 12130 12244 12271 12272 12284 12287 12291 12302 12313 12314 12332 12349 12370 12378 12406 12423 12437 12475 12492 12493 12515 12545 12561 12565 12574 12575 12580 12596 12600 12604 12611 12614 12636 12637 12640 12653 12663 12664 12673 12724 12726 12740 12741 12752 12756 12772 12785 12797 12807 12820 12844
	}
	history={
		owner = TUK
		add_core_of = TUK
		buildings = {
			infrastructure = 1
		}
	}
	manpower=4750175
	buildings_max_level_factor=1.000
	state_category=town
	local_supplies=0.000
}
