
state={
	id=107
	name="STATE_107"
	provinces={
		9 11 13 79 101 238 331 337 338 353 361 393 416 443 477 486 495 536 548 549 612 663 675 688 725 735 782 800 809 844 897 904 906 990 997 1025 1053 1115 1311 1321 1340 1378 1407 1431 1461 1483 1556 1587 1613 1640 1644 1665 1824 1829 1847 1985 2002 2100 2137 2240 2269 2308 2371 2403 2459 2464 2469 2501 2506 2520 2526 2550 2587 2623 2648 2653 2669 2779 2843 2847 2951 2969 2970 3093 3141 3163 3164 3248 3379 3548 3593 3640 3673 3711 3737 3812 3824 3877 3964 3994 4028 4035 4060 4088 4120 4128 4277 4292 4373 4393 4429 4462 4566 4628 4629 4644 4681 4733 4794 4943 5025 5041 5062 5093 5113 5142 5184 5366 5467 5477 5510 5584 5630 5647 5699 5703 5745 5769 5869 5907 6002 6018 6105 6118 6142 6258 6624 6807 6809 6826 6834 6864 6894 6920 6926 7041 7106 7206 7212 7220 7232 7244 7248 7383 7444 7465 7472 7518 7575 7702 7936 7945 7976 8226 8390 8405 8424 8433 8665 8698 8717 8820 8834 8878 8904 9149 9202 9332 9416 9506 9589 9658 9794 9924 9925 9991 10067 10169 10181 10183 10284 10323 10324 10325 10344 10357 10359 10398 10426 10427 10429 10435 10462 10465 10469 10472 10496 10499 10521 10544 10559 10570 10590 10591 10629 10636 10639 10645 10648 10676 10680 10696 10704 10708 10719 10721 10733 10736 10755 10777 10778 10782 10787 10793 10797 10820 10830 10835 10838 10846 10850 10859 10861 10882 10890 10898 10905 10944 
	}
	history={
		owner = TBA
		add_core_of = TBA
		victory_points = { 2137 5 } #赤塔
		buildings = {
			infrastructure = 3
			industrial_complex = 2
			arms_factory = 1
		}
	}	
	manpower=1
	buildings_max_level_factor=1.000
	state_category=town
	local_supplies=0.000
}
