
state={
	id=108
	name="STATE_108"
	provinces={
		7 112 113 153 297 359 377 392 559 835 874 885 924 957 1010 1012 1194 1317 1345 1559 1574 1908 2119 2134 2280 2316 2663 2672 2676 2765 2884 2918 3043 3128 3200 3238 3494 3497 3565 3626 3632 3648 3712 3811 3854 3876 3926 3978 4061 4224 4329 4415 4586 4659 4805 4859 4927 5169 5371 5641 5755 5885 5898 6073 6177 6283 6304 6448 6589 6643 6647 7085 7137 7235 7260 8008 8229 8384 8472 8515 8766 8795 8963 9044 9100 9268 9570 10031 10289 12016 12017 12042 12098 12144 12171 12184 12213 12229 12232 12240 12252 12257 12303 12306 12320 12344 12356 12371 12392 12413 12427 12449 12485 12511 12551 12556 12586 12597 12615 12627 12628 12710 
	}
	history={
		owner = HAM
		add_core_of = HAM
		victory_points = { 2918 3 } #若羌
		victory_points = { 6073 1 } #且末
		buildings = {
			infrastructure = 1
		}
	}
	manpower=21507
	buildings_max_level_factor=1.000
	state_category=wasteland
	local_supplies=0.000
}
