
state={
	id=109
	name="STATE_109"
	provinces={
		141 184 368 446 623 734 1054 1251 1647 1783 2021 2166 2226 2249 2743 2911 3063 3109 3117 3222 3337 3418 3792 3864 4274 4466 4761 4777 4974 4987 5139 5471 5796 5817 5889 6155 6360 6415 6653 7588 8125 8210 8455 8811 9032 9165 9288 9366 9605 10226 10242 11264 11324 11339 11390 11397 11434 11436 11467 11470 11476 11479 11499 11527 11568 11581 11609 11666 11670 
	}
	history={
		owner = DBJ
		1924.1.1 = {
			owner = KVD
			add_core_of = KVD
		}
	}
	manpower=40500
	buildings_max_level_factor=1.000
	state_category=wasteland
	local_supplies=0.000
}
