state={
	id=259
	name="STATE_259"
	provinces={
		120 165 234 259 410 423 449 551 755 804 1000 1026 1097 1158 1292 1333 1436 1533 1744 1839 1854 1863 1891 1934 2052 2146 2222 2256 2320 2433 2749 2789 2799 2988 3046 3261 3488 3809 4042 4057 4330 4336 4908 5094 5163 5218 5580 5660 5712 5938 5987 6021 6210 6245 6649 6874 7273 7659 7670 7855 7882 8104 8261 8286 8585 8726 8943 9024 9166 9318 9464 9513 9572 9718 9775 9905 9934 11254 11263 11281 11289 11312 11318 11359 11361 11380 11400 11411 11446 11456 11465 11489 11518 11533 11534 11562 11619 11647 11655 11671 11701 11718 
	}
	history={
		owner = IMC
		add_core_of = IMC
		1924.1.1 = {
			owner = MEN
		 	add_core_of = MEN
			remove_core_of = IMC
		}
		buildings = {
			infrastructure = 2
		}
	}
	manpower=56244
	buildings_max_level_factor=1.000
	state_category=rural
	local_supplies=0.000
}
