
state={
	id=455
	name="STATE_455"
	provinces={
		14 18 125 177 371 598 618 697 704 783 1007 1132 1229 1262 1519 1546 1701 1855 2062 2097 2235 2244 2540 3255 3354 3382 3489 3536 3725 3787 3834 4073 4082 4090 4096 4109 4149 4455 4546 4571 4585 4589 4678 4774 4872 4948 4984 5057 5110 5152 5284 5551 5671 5940 6093 6168 6315 6480 6559 6969 7027 7033 7257 7336 7506 7705 7782 8088 8275 8335 8372 8483 8776 8840 8866 8977 9192 9263 9432 9622 9651 9846 10192 11869 11886 11895 11917 11922 11945 11992 12008 12019 12035 12036 12065 12077 12089 12099 12119 12120 12170 12193 12194 12226 12235 12247 
	}
	history={
		owner = IMC
		add_core_of = IMC
		1924.1.1 = {
			owner = NIX
			add_core_of = NIX
			remove_core_of = IMC
		}
		buildings = {
			infrastructure = 1
		}
	}
	manpower=60258
	buildings_max_level_factor=1.000
	state_category=pastoral
	local_supplies=0.000
}
