
state={
	id=466
	name="STATE_466"
	provinces={
		25 139 178 588 596 696 862 954 961 991 1011 1319 1371 1534 1746 1976 1978 2096 2225 2303 2370 2400 2488 2499 2586 2618 2640 2745 2786 2915 2928 3044 3071 3771 3945 4067 4123 4137 4168 4226 4458 4482 4717 4903 5100 5292 5356 5466 5637 5669 5710 5929 5967 6043 6236 6511 6577 6633 7075 7214 7620 7777 8013 8093 8259 8533 8563 8565 8935 9077 9155 9340 9441 9629 9945 10082 10165 10189 10197 10266 12169 12206 12239 12254 12310 12323 12327 12343 12358 12383 12420 12473 12578 12601 12651 
	}
	history={
		owner = IMC
		add_core_of = IMC
		1924.1.1 = {
			owner = NHA
			add_core_of = NHA
			remove_core_of = IMC
		}
		buildings = {
			infrastructure = 1
		}
	}
	manpower=20585
	buildings_max_level_factor=1.000
	state_category=pastoral
	local_supplies=0.000
}
