state={
	id=467
	name="STATE_467"
	provinces={
		124 245 381 402 498 985 1020 1079 1196 1467 1490 1731 1779 1920 1925 2013 2042 2126 2533 2641 2693 3155 3724 3981 4375 4403 4478 4548 4687 4880 4973 5207 5242 5339 5388 5436 5464 5583 5730 6140 6429 6757 7044 7297 7376 7493 7525 7617 7831 9378 9989 10041 10052 10254 12669 12700 12705 12758 12768 12769 12773 12784 12799 12804 12810 12818 12835 12853 12857 12878 12908 12920 12935 12967 12973 12992 
	}
	history={
		owner = YSH
		add_core_of = YSH
		buildings = {
			infrastructure = 1
		}
	}
	manpower=126383
	buildings_max_level_factor=1.000
	state_category=pastoral
	local_supplies=0.000
}
