state={
	id=477
	name="STATE_477"
	provinces={
		154 166 313 412 523 590 643 644 650 756 883 977 1077 1161 1266 1318 1632 1664 1817 1979 2125 2327 2415 2521 2553 2715 2780 2979 3051 3182 3210 3224 3362 3789 3893 3944 3975 4157 4396 4741 4769 4986 5147 5166 5539 5670 5709 5753 5793 6166 6535 6779 6905 7026 7254 7329 7476 7766 7833 7950 7963 7985 8002 8373 8478 8612 8890 9310 9373 9831 10251 12798 12817 12832 12882 12912 12953 12964 12984 13016 13051 13052 13056 13088 13109 13115 13143 13181 13187 13203 13205 13263 13290 13346 13363 13399 13402 13455 
	}
	history={
		owner = TIB
		add_core_of = TIB
		buildings = {
			infrastructure = 1
		}
	}
	manpower=120000
	buildings_max_level_factor=1.000
	state_category=pastoral
	local_supplies=0.000
}
