state={
	id=487
	name="STATE_487"
	provinces={
		319 817 1191 1252 1411 1510 1557 1772 1797 1888 2516 2943 3634 3708 3848 4020 4039 4256 4476 4490 4505 4528 4969 4997 5188 5308 5311 5343 5362 5406 5809 5878 6818 7471 7641 7875 7968 8018 8121 8181 8206 8348 8381 8529 8559 8727 8798 8915 9030 9217 9257 9386 9649 9828 9971 10275 11331 11334 11370 11376 11381 11383 11395 11398 11405 11406 11416 11418 11421 11427 11429 11430 11442 11444 11448 11449 11453 11458 11459 11464 11472 11473 11492 11505 11511 11515 11520 11524 11528 11531 11537 11545 11548 11553 11559 11574 11590 11594 11598 11615 11636 
	}
	history={
		owner = MAN
		add_core_of = MAN
		buildings = {
			infrastructure = 4
			industrial_complex = 1
			arms_factory = 1
		}
	}
	manpower=5223558
	buildings_max_level_factor=1.000
	state_category=town
	local_supplies=0.000
}
