state={
	id=488
	name="STATE_488"
	provinces={
		567 603 1062 1326 1332 1449 1571 1800 1871 1915 2494 2678 2836 3262 3419 3469 3526 3577 3927 4108 4146 4635 4921 4925 5022 5193 5482 5489 5501 5552 6113 6234 6363 6444 6549 6595 6666 6901 6932 6941 6946 7133 7191 7563 7716 7880 8189 8339 8673 8704 8941 9115 9162 9201 9491 9714 9863 9897 9984 9996 10005 10085 11069 11072 11078 11087 11090 11101 11103 11106 11109 11121 11127 11128 11133 11136 11140 11147 11148 11160 11164 11168 11169 11174 11179 11193 11204 11222 11227 11233 11269 11272 
	}
	history={
		owner = MAN
		add_core_of = MAN
		buildings = {
			infrastructure = 2
		}
	}
	manpower=1224551
	buildings_max_level_factor=1.000
	state_category=rural
	local_supplies=0.000
}
