state={
	id=490
	name="STATE_490"
	provinces={
		545 1002 1044 1110 1373 1716 1914 1916 1983 2044 2158 2365 2930 2976 3031 3531 3734 3775 3781 3904 4072 4075 4248 4281 4663 5232 5237 6145 6737 7094 7331 7565 7596 8153 8174 8209 8702 8744 8800 8955 8988 9070 9176 9345 9615 9732 9821 10050 10118 11158 11175 11202 11206 11207 11224 11226 11229 11238 11243 11252 11255 11262 11273 11285 11290 11295 11297 11310 11315 11319 11320 11325 11326 11336 11343 11347 11354 11355 11373 11375 11385 11407 11417 
	}
	history={
		owner = MAN
		add_core_of = MAN
		buildings = {
			infrastructure = 3
			industrial_complex = 3
		}
	}
	manpower=4545437
	buildings_max_level_factor=1.000
	state_category=rural
	local_supplies=0.000
}
