state={
	id=491
	name="STATE_491"
	provinces={
		80 188 490 528 690 786 943 1041 1130 1228 1653 1728 1907 1913 2081 2191 2390 3428 3458 3558 3695 3823 3839 4370 4785 5202 5351 5569 5658 6723 6738 6836 6948 7308 7310 7315 7397 7459 7542 7649 7816 8145 8315 8477 8813 9123 9174 9241 9539 9568 9653 9721 9899 10163 10908 10946 10958 10973 10982 10991 11024 11026 11034 11041 11043 11057 11061 11062 11063 11068 11071 11077 11085 11102 11117 11118 11120 11125 11129 11139 11142 11153 11157 11159 11167 11183 11195 11203 11213 
	}
	history={
		owner = MAN
		add_core_of = MAN
		buildings = {
			infrastructure = 1
		}
	}
	manpower=2318957
	buildings_max_level_factor=1.000
	state_category=rural
	local_supplies=0.000
}
