state={
	id=492
	name="STATE_492"
	provinces={
		70 85 90 286 288 473 534 540 555 1197 1271 1303 1592 1791 1868 2087 2318 2342 2435 2636 2729 2897 2954 3023 3158 3184 3436 3478 3512 3623 4140 4324 4474 4520 4594 4878 4940 4962 5131 5133 5239 5306 5403 5504 5848 5910 6011 6192 6262 6437 6493 6664 6785 6848 6983 7043 7062 7460 7611 7688 7769 7971 7988 8387 8431 8501 8600 9005 9681 9761 10133 10524 10542 10555 10560 10564 10597 10622 10630 10656 10659 10677 10697 10724 10725 10822 10856 10892 10910 10922 10947 11006 11008 11020 
	}
	history={
		owner = MAN
		add_core_of = MAN
		buildings = {
			infrastructure = 1
		}
	}
	manpower=67562
	buildings_max_level_factor=1.000
	state_category=rural
	local_supplies=0.000
}
