state={
	id=494
	name="STATE_494"
	provinces={
		315 1038 1756 2606 2754 2993 3137 4180 4269 4722 5204 5591 6054 6410 6495 6667 6761 7129 7457 7719 7770 7895 8071 8192 8321 8550 8974 9028 9097 9121 9173 9698 10253 11332 11414 11440 11452 11469 11474 11480 11498 11504 11506 11512 11521 11539 11542 11549 11563 11569 11570 11578 11587 11601 11604 11613 11614 11621 11627 11661 11663 11672 
	}
	history={
		owner = MAN
		add_core_of = MAN
		buildings = {
			infrastructure = 2
		}
	}
	manpower=100882
	buildings_max_level_factor=1.000
	state_category=pastoral
	local_supplies=0.000
}
