state={
	id=496
	name="STATE_496"
	provinces={
		61 102 242 372 399 471 503 511 736 740 798 1092 1234 1344 1471 1552 1628 1707 1724 1732 1733 1781 1805 1890 1919 2054 2086 2111 2228 2448 2481 2624 2656 2677 2759 3050 3092 3144 3148 3226 3338 3352 3407 3410 3522 3525 3573 3896 3976 4000 4273 4275 4350 4410 4499 4533 4541 4661 4721 4754 4966 4976 5075 5112 5164 5365 5461 5564 5774 5795 5855 5958 5971 5979 6071 6111 6132 6308 6362 6552 6563 6704 6935 7066 7113 7134 7156 7198 7231 7234 7236 7265 7357 7387 7398 7463 7466 7509 7645 7717 7772 7878 7926 7938 8171 8233 8336 8340 8368 8398 8409 8519 8577 8678 8809 8855 9026 9048 9049 9124 9180 9190 9206 9290 9301 9503 9530 9827 9970 10001 10088 10107 10109 10202 10205 10211 10605 10646 10737 10745 10763 10780 10813 10824 10829 10831 10832 10845 10851 10863 10876 10884 10887 10891 10895 10907 10909 10913 10924 10931 10933 10950 10951 10962 10964 10975 10977 10985 10987 10999 11002 11013 11016 11017 11030 11033 11035 11040 11044 11048 11052 11059 11060 11099 
	}
	history={
		owner = MAN
		add_core_of = MAN
		buildings = {
			infrastructure = 1
		}
	}
	manpower=38379
	buildings_max_level_factor=1.000
	state_category=pastoral
	local_supplies=0.000
}
