state={
	id=497
	name="STATE_497"
	provinces={
		828 933 971 1003 1363 1416 1591 1758 1814 2016 2031 2250 2310 2389 2662 2907 2941 3040 3067 3408 3515 3749 3817 3818 4297 4530 4553 5066 5108 5135 5385 5455 5806 5897 6028 6098 6678 6791 6878 6994 7055 7241 7320 7680 7852 7876 8007 8087 8598 9069 9175 9870 10086 10115 10224 11055 11094 11097 11098 11100 11132 11138 11143 11152 11163 11172 11190 11209 11232 11237 11265 11296 11307 11309 11330 11333 11346 11360 11371 11382 11412 11425 
	}
	history={
		owner = MAN
		add_core_of = MAN
		buildings = {
			infrastructure = 2
		}
	}
	manpower=2509170
	buildings_max_level_factor=1.000
	state_category=town
	local_supplies=0.000
}
