state={
	id=517
	name="STATE_517"
	provinces={
		32 254 301 398 439 586 937 939 970 1005 1013 1135 1569 1603 1753 1790 1989 2113 2184 2218 2339 2348 2773 2778 2806 2853 2867 2906 2994 3181 3253 3321 3383 3493 3505 3685 3902 3969 4198 4337 4791 5071 5290 5350 5518 5672 5822 5862 6057 6080 6458 6651 7057 7084 7451 7456 7458 7743 7771 7785 8097 8167 8291 8502 9076 9141 9183 9244 9632 9666 9818 10243 12400 12478 12480 12500 12530 12532 12546 12558 12585 12618 12626 12635 12655 12668 12697 12707 12713 12714 12750 12781 12809 
	}
	history={
		owner = HOT
		add_core_of = HOT
		victory_points = { 6080 3 } #和田
		buildings = {
			infrastructure = 3
		}
	}
	manpower=723054
	buildings_max_level_factor=1.000
	state_category=rural
	local_supplies=0.000
}
