state={
	id=542
	name="STATE_542"
	provinces={
		88 202 215 216 280 318 639 672 758 1050 1198 1404 1419 1616 1767 1780 2060 2160 2213 2255 2332 2582 2723 3126 3188 3199 3270 3349 3630 3653 3786 3862 4145 4470 4509 4511 4579 4792 4820 5030 5420 6211 6438 6555 6707 6833 7020 7053 7181 7283 7515 7549 7585 7792 7886 8039 8128 8186 8542 8819 8882 9061 9294 9451 9860 9947 10057 10198 10751 10766 10770 10791 10816 10826 10843 10847 10868 10879 10896 10900 10965 10986 10994 11018 11022 11025 11037 11053 11091 11112 
	}
	history={
		owner = ZDJ
		victory_points = { 11022 3 } #征东府(伯力)
		victory_points = { 1780 1 } #大正港
		buildings = {
			infrastructure = 2
			1780 = {
				naval_base = 1
			}
		}
	}
	manpower=184700
	buildings_max_level_factor=1.000
	state_category=rural
	local_supplies=0.000
}
