
state={
	id=545
	name="STATE_545"
	provinces={
		19 33 42 201 246 272 281 342 343 494 591 624 642 664 669 706 724 791 799 805 832 854 910 923 1024 1138 1143 1170 1220 1250 1265 1295 1306 1325 1354 1435 1593 1709 1785 1807 1809 1815 1833 1896 1954 1963 2064 2148 2171 2203 2216 2229 2257 2263 2439 2443 2556 2695 2720 2740 2782 2850 2852 2855 2878 2891 2948 3001 3079 3096 3105 3305 3316 3342 3366 3369 3441 3450 3600 3619 3631 3637 3668 3681 3819 3912 3959 4150 4156 4177 4211 4220 4304 4366 4404 4547 4551 4568 4583 4606 4658 4664 4748 4809 4899 4907 5003 5015 5034 5104 5145 5160 5168 5177 5182 5208 5220 5230 5309 5369 5400 5524 5619 5653 5686 5780 5901 5980 6001 6030 6075 6101 6194 6380 6393 6498 6560 6611 6855 6876 6938 6971 7046 7059 7155 7175 7247 7417 7524 7762 7793 7932 7957 7978 8017 8020 8142 8196 8201 8374 8375 8579 8586 8634 8653 8739 8749 8753 8931 8936 8960 9050 9109 9188 9213 9233 9381 9397 9427 9644 9753 9808 9926 9957 10064 10087 10126 10156 10195 10298 10332 10333 10334 10335 10343 10349 10374 10382 10386 10413 10414 10430 10446 10448 10456 10461 10483 10486 10489 10497 10500 10511 10518 10526 10527 10529 10531 10535 10573 10580 10586 10593 10616 10621 10627 10655 10670 10678 10684 10687 10691 10701 10705 10709 10722 10726 10731 10738 10741 10742 10746 10758 10760 10769 10771 10772 10773 10779 10798 10801 10805 10811 10819 10858 10864 10873 10953 15033 15034 15035 15036 
	}
	history={
		owner = FAR
		add_core_of = FAR
		victory_points = { 10573 5 } #阿穆尔河畔尼古拉耶夫斯克/庙街
		victory_points = { 9397 3 } #阿穆尔河畔共青城/彼尔姆斯科耶
		buildings = {
			infrastructure = 3
			industrial_complex = 2
			arms_factory = 2
		}
	}
	manpower=184700
	buildings_max_level_factor=1.000
	state_category=rural
	local_supplies=0.000
}
