state={
	id=547
	name="STATE_547"
	provinces={
		12 63 223 226 244 247 317 354 384 391 409 413 478 482 492 496 543 611 673 676 719 720 728 893 963 973 1047 1133 1140 1240 1253 1281 1377 1417 1512 1540 1596 1609 1654 1877 1893 1921 1943 1988 2075 2110 2139 2163 2197 2214 2292 2358 2417 2444 2480 2491 2531 2545 2620 2727 2804 2964 3003 3020 3047 3060 3073 3077 3088 3228 3240 3247 3343 3434 3457 3480 3499 3557 3596 3599 3785 3958 4019 4041 4117 4129 4138 4142 4148 4181 4241 4319 4389 4419 4486 4502 4570 4603 4828 4832 4857 4909 4946 5001 5011 5026 5053 5067 5105 5124 5181 5228 5269 5274 5305 5441 5484 5528 5734 5881 5919 6017 6038 6233 6249 6260 6266 6335 6371 6411 6583 6607 6616 6620 6727 6796 6816 6819 6849 6868 6943 7080 7246 7291 7361 7870 7891 7931 7967 7984 8078 8085 8164 8217 8295 8313 8425 8457 8516 8549 8625 8659 8675 8874 8895 9128 9376 9431 9472 9481 9553 9557 9627 9740 9760 9803 10094 10140 10168 10170 10182 10188 10326 10327 10328 10329 10330 10331 10345 10355 10360 10371 10376 10377 10381 10385 10401 10404 10428 10436 10445 10471 10482 10508 10512 10532 10540 10545 10558 10571 10572 10577 10578 10594 10624 10631 10647 10653 10660 10663 10675 10681 10683 10699 10714 10730 10734 10747 10750 10762 10783 10788 10825 10869 10872 10893 10902 10918 
	}
	history={
		owner = PRA
		add_core_of = PRA
		victory_points = { 9557 5 } #布拉戈维申斯克
		buildings = {
			infrastructure = 2
			industrial_complex = 1
			arms_factory = 1
		}
	}
	manpower=412200
	buildings_max_level_factor=1.000
	state_category=rural
	local_supplies=0.000
}
