
state={
	id=548
	name="STATE_548"
	provinces={
		28 43 53 100 116 137 144 182 269 292 428 441 452 457 489 634 635 698 747 972 999 1075 1160 1202 1238 1425 1430 1453 1459 1487 1508 1630 1641 1649 1661 1750 1905 1917 1941 1998 1999 2073 2130 2133 2182 2381 2482 2517 2530 2543 2567 2580 2590 2611 2652 2718 2775 2809 2817 2929 2977 3107 3134 3201 3215 3252 3482 3528 3542 3628 3667 3687 3702 3747 3842 3956 4038 4048 4076 4081 4091 4093 4094 4098 4318 4334 4344 4384 4522 4605 4640 4656 4699 4821 5087 5111 5281 5354 5408 5418 5425 5592 5728 5816 5819 5872 5931 5992 5993 6000 6032 6033 6041 6144 6189 6297 6338 6450 6461 6527 6632 6660 6663 6701 6806 6822 6824 6847 6889 7036 7047 7060 7086 7121 7226 7335 7380 7532 7639 7759 7834 7856 7907 7923 7979 7983 8031 8074 8323 8391 8583 8688 8692 8847 8913 9010 9104 9209 9311 9344 9403 9495 9551 9585 9811 9865 10009 10071 10080 10117 10179 10320 10321 10322 10338 10347 10351 10380 10390 10393 10403 10412 10420 10432 10440 10441 10443 10467 10515 10523 10528 10543 10561 10566 10598 10601 10633 10635 10644 10650 10652 10654 10682 10685 10692 10695 10700 10706 10707 10712 10713 10718 10729 10753 10756 10776 10796 10852 10880 
	}
	history={
		owner = BYA
		add_core_of = BYA
		victory_points = { 8583 5 } #乌兰乌德/上乌金斯克
		buildings = {
			infrastructure = 2
			industrial_complex = 1
			arms_factory = 1
		}
	}
	manpower=388900
	buildings_max_level_factor=1.000
	state_category=rural
	local_supplies=0.000
}
