
state={
	id=549
	name="STATE_549"
	provinces={
		121 291 306 367 464 467 686 705 707 785 886 946 1188 1380 1426 1495 1530 1558 1789 1821 2058 2084 2128 2132 2194 2245 2307 2457 2503 2515 2555 2614 2667 2668 2761 2888 3297 3393 3500 3507 3605 3700 3967 4037 4270 4625 4632 4747 4874 5091 5092 5254 5474 5773 5925 6100 6206 6347 6361 6382 6529 6562 6850 7096 7138 7590 7992 8037 8133 8311 8404 8993 9283 9382 9452 9655 9800 9978 10167 10258 10638 10643 10657 10664 10669 10689 10702 10748 10754 10775 10786 10815 10818 10828 10836 10839 10870 10888 10923 10928 10929 10930 10945 11005 
	}
	history={
		owner = TAN
		add_core_of = TAN
		victory_points = { 467 1 } #肯木毕齐尔/克孜勒
		buildings = {
			infrastructure = 2
			industrial_complex = 1
			arms_factory = 1
		}
	}
	manpower=75200
	buildings_max_level_factor=1.000
	state_category=rural
	local_supplies=0.000
}
