state={
	id=552
	name="STATE_552"
	provinces={
		176 220 248 271 513 802 803 920 994 1015 1368 1421 1614 1657 1674 2118 2361 2461 2958 3075 3078 3416 4051 4115 4272 4402 4491 4696 4953 5196 5224 5283 5331 5662 5708 5718 5727 5840 6224 6279 6578 6639 6789 7158 7294 7362 7478 7528 7603 7881 7982 8239 8595 9455 10391 10408 10409 10418 10439 10452 10455 10468 10477 10501 10525 10538 10549 10556 10563 10588 10600 10602 10607 10614 10615 10618 10625 10628 10668 10757 10759 
	}
	history={
		owner = SIB
		add_core_of = SIB
		victory_points = { 5840 10 } #谢格洛夫斯克(克麦罗沃)
		buildings = {
			infrastructure = 4
			industrial_complex = 1
			arms_factory = 3
		}
	}
	manpower=1214272
	buildings_max_level_factor=1.000
	state_category=large_town
	local_supplies=0.000
}
