state={
	id=554
	name="STATE_554"
	provinces={
		81 126 262 268 295 406 411 418 535 629 661 789 825 1027 1114 1122 1179 1388 1428 1645 1738 1948 2311 2314 2330 2357 2366 2380 2394 2438 2471 2512 2570 2592 2634 2694 2767 2910 2983 2990 3087 3094 3116 3123 3264 3394 3411 3468 3544 3562 3582 4044 4165 4200 4255 4285 4287 4391 4420 4449 4646 4654 4680 4704 4766 4768 4802 4958 5056 5106 5140 5153 5175 5189 5206 5370 5395 5521 5735 5856 6175 6212 6215 6216 6302 6418 6507 6515 6545 6687 6746 6893 7012 7304 7527 7555 7604 8065 8146 8179 8352 8358 8423 8474 8521 8569 8574 8885 9001 9194 9377 9696 9725 9842 10033 10271 10312 10313 10314 10315 10378 10389 10392 10395 10396 10411 10422 10434 10447 10457 10463 10464 10474 10478 10488 10494 10504 10505 10547 10604 10626 10667 10674 10693 10740 10781 
	}
	history={
		owner = SIB
		add_core_of = SIB
		victory_points = { 7304 15 } #克拉斯诺亚尔斯克
		buildings = {
			infrastructure = 4
			industrial_complex = 3
		}
	}
	manpower=1192300
	buildings_max_level_factor=1.000
	state_category=city
	local_supplies=0.000
}
