state={
	id=555
	name="STATE_555"
	provinces={
		22 127 258 501 667 668 695 992 1060 1443 1452 1550 1672 1972 2233 2236 2302 2306 2386 2569 2576 2585 2607 2616 2659 2808 2865 2899 3027 3189 3309 3545 3579 3658 3779 3925 4112 4286 4441 4467 4503 4542 4633 4648 4652 4804 4924 5210 5248 5450 5707 5829 5962 6102 6128 6191 6263 6269 6290 6321 6351 6358 6567 6582 6839 6891 6991 7031 7050 7177 7295 7321 7323 7378 7666 7763 7860 8056 8124 8310 8333 8413 8648 8917 9000 9117 9153 9613 9685 9709 9746 9748 9874 9892 10044 10160 10194 10637 10666 10720 10723 10752 10764 10774 10789 10803 10804 10806 10807 10810 10812 10823 10840 10841 10855 10862 10871 10874 10889 10899 10906 10915 10940 
	}
	history={
		owner = AAF
		add_core_of = AAF
		victory_points = { 6191 10 } #巴尔瑙尔
		victory_points = { 4542 5 } #比斯克
		buildings = {
			infrastructure = 4
			industrial_complex = 2
			arms_factory = 2
		}
	}
	manpower=721107
	buildings_max_level_factor=1.000
	state_category=town
	local_supplies=0.000
}
