
state={
	id=556
	name="STATE_556"
	provinces={
		41 91 138 142 285 307 316 390 475 516 649 689 829 945 955 1144 1231 1346 1359 1462 1476 1620 1685 1991 2011 2227 2328 3267 3284 3293 3598 3603 3620 3684 3690 3722 3780 3849 3987 3995 4119 4147 4203 4280 4552 4581 4712 4991 5033 5148 5386 6007 6165 6229 6320 6554 6828 6934 6964 6997 7109 7455 7543 7584 7954 8221 8520 8633 8767 8969 9259 9661 9779 10307 10308 10309 10310 10311 10336 10342 10346 10356 10358 10361 10362 10363 10367 10368 10375 10383 10388 10399 10405 10407 10417 10423 10424 10437 10451 
	}
	history={
		owner = SIB
		add_core_of = SIB
		victory_points = { 10388 5 } #托木斯克
		buildings = {
			infrastructure = 4
			industrial_complex = 1
			arms_factory = 3
		}
	}
	manpower=746802
	buildings_max_level_factor=1.000
	state_category=large_town
	local_supplies=0.000
}
