state={
	id=557
	name="STATE_557"
	provinces={
		30 118 180 263 304 374 376 463 481 493 531 568 694 702 837 983 1014 1069 1087 1148 1210 1312 1441 1493 1538 1663 2068 2079 2127 2154 2210 2277 2294 2313 2335 2633 2713 2818 2894 2916 2938 2956 2961 3000 3007 3286 3306 3357 3587 3601 3651 3662 3692 3758 3825 3858 4077 4179 4405 4447 4665 4682 4822 4926 4935 5016 5023 5103 5216 5295 5335 5349 5545 5554 5595 5692 5757 5830 5852 6087 6490 6556 6650 6706 6718 6795 7103 7164 7275 7344 7413 7571 7629 7727 7797 7804 7826 7844 7892 7934 8113 8456 8763 8769 8830 9204 9266 9393 9439 9541 9587 9836 9895 10136 10152 10283 10433 10476 10493 10498 10510 10513 10514 10516 10519 10520 10522 10536 10539 10541 10551 10565 10567 10574 10579 10581 10584 10587 10595 10610 10617 10623 10634 10665 10673 10679 10717 10743 10744 
	}
	history={
		owner = AAF
		add_core_of = AAF
		victory_points = { 2916 15 } #新西伯利亚
		buildings = {
			infrastructure = 4
			industrial_complex = 3
			arms_factory = 2
		}
	}
	manpower=1214780
	buildings_max_level_factor=1.000
	state_category=city
	local_supplies=0.000
}
