
state={
	id=558
	name="STATE_558"
	provinces={
		49 65 225 350 375 385 437 542 700 759 790 793 1008 1089 1103 1211 1249 1391 1549 1568 1694 1769 1820 1857 2033 2063 2136 2144 2175 2410 2460 2473 2584 2670 2845 2864 3090 3208 3231 3244 3435 3484 3532 3554 3665 3704 3705 3753 3759 3801 3805 4084 4171 4443 4450 4480 4806 4845 4918 4994 5134 5326 5488 5598 5691 5863 5918 6160 6268 6277 6284 6289 6332 6488 6603 6622 6792 7065 7128 7222 7341 7390 7424 7513 7643 7767 7832 7958 8530 8539 8623 8778 9008 9676 9762 9813 9884 10370 10400 10406 10410 10425 10442 10444 10449 10470 10473 10484 10509 10517 10546 10562 10583 10613 10642 10651 10658 10661 10672 10698 10715 10732 10768 10785 10834 
	}
	history={
		owner = SIB
		add_core_of = SIB
		victory_points = { 542 5 } #鄂木斯克
		buildings = {
			infrastructure = 3
			industrial_complex = 1
			arms_factory = 1
		}
	}
	manpower=2075967
	buildings_max_level_factor=1.000
	state_category=city
	local_supplies=0.000
}
