
state={
	id=559
	name="STATE_559"
	provinces={
		69 273 364 515 561 572 1006 1061 1081 1237 1479 1662 1676 1696 1703 2017 2347 2351 2538 2680 2757 2876 3220 3401 3713 3794 3816 4135 4213 4559 4615 4824 4848 5002 5008 5178 5227 5289 5798 5896 6089 6152 6170 6422 6523 6532 6722 6831 7019 7330 8048 8572 8594 8737 8846 8990 8994 9098 9346 9757 9784 10303 10304 10305 10306 10341 10364 10366 10394 10416 10438 10454 10459 10491 10502 10507 10537 10550 10575 10606 10619 10641 10649 
	}
	history={
		owner = SIB
		add_core_of = SIB
		buildings = {
			infrastructure = 4
			industrial_complex = 4
			arms_factory = 1
		}
	}
	manpower=2075967
	buildings_max_level_factor=1.000
	state_category=city
	local_supplies=0.000
}
