
state={
	id=89
	name="STATE_89"
	provinces={
		52 191 251 299 582 657 851 853 1120 1310 1454 1586 1658 1695 1878 1975 2155 2385 2602 2682 2770 3014 3159 3191 3259 3263 3346 3421 3552 3647 3716 3748 4012 4188 4374 4543 4795 4858 5064 5065 5070 5162 5264 5314 5480 5731 5915 6162 6188 6333 6404 6449 6561 6671 6958 6992 7007 7142 7144 7446 7453 7504 7737 7746 7817 7921 7980 8241 8430 8580 8622 8912 9022 9053 9105 9477 9637 9659 9701 9868 10000 10215 11998 12009 12011 12025 12032 12034 12046 12057 12069 12074 12109 12118 12146 12158 12168 12176 12185 12190 12222 12223 12249 12256 12259 12292 12315 12340 12361 12393 12416 12460 12476 12495 12516 
	}
	history={
		owner = TUK
		add_core_of = TUK
		buildings = {
			infrastructure = 1
		}
	}
	manpower=792783
	buildings_max_level_factor=1.000
	state_category=pastoral
	local_supplies=0.000
}
