
state={
	id=91
	name="STATE_91"
	provinces={
		200 203 221 264 310 415 574 641 717 769 989 1029 1126 1131 1163 1195 1221 1328 1392 1500 1505 1597 1615 1633 1903 1996 2083 2404 2442 2821 3101 3680 3689 3774 3806 3900 4078 4312 4333 4387 4637 4866 4882 4884 4954 4982 5077 5123 5172 5259 5300 5334 5481 5498 5620 5702 5711 5762 5777 5782 5972 6066 6088 6122 6171 6225 6264 6364 6387 6497 6504 6592 6731 6753 7010 7015 7079 7107 7130 7148 7172 7205 7229 7313 7381 7405 7438 7492 7557 7566 7654 7920 7951 8117 8152 8212 8242 8246 8324 8345 8378 8382 8492 8493 8500 8527 8528 8575 8624 8649 8808 8818 8972 8997 9066 9081 9082 9120 9169 9247 9272 9315 9390 9462 9525 9564 9705 9735 9801 9875 9886 9976 10112 10146 10204 10257 14343 14353 14376 14386 14419 14421 14442 14445 14446 14462 14473 14492 14505 14509 14510 14513 14523 14532 14534 14536 14538 14539 14543 14557 14559 14573 14574 14575 14585 14587 14588 14594 14601 14604 14607 14616 14617 14621 14626 14630 14640 14641 14645 14646 14648 14650 14651 14655 14657 14658 14664 14670 14674 14678 14682 14686 14688 14692 14693 14703 14704 14706 14707 14710 14711 14715 14716 14718 14726 14730 14731 14737 14743 14745 14749 14752 14754 14765 14769 14777 14784 14787 14795 14810 14812 14881 14896 14916 14924 14927 14929 14933 14937 14940 14943 14948 14949 14951 14955 15153 15154 15168 18833 18834 18836 
	}
    history={
		owner = SIA
		add_core_of = SIA
		victory_points = { 5172 20 } #曼谷
		buildings = {
			infrastructure = 2
		}
	}
	manpower=11400000
	state_category=rural
	buildings_max_level_factor=1.000
	local_supplies=0.000
}
