
state={
	id=92
	name="STATE_92"
	provinces={
		222 584 1324 1564 1666 2278 2536 4234 4284 4418 4863 5024 5054 5192 5209 5717 5729 6185 6243 6353 6729 7004 7488 7496 7587 7602 7648 7962 8158 8170 8280 8362 8733 9168 9316 9347 9349 9454 9463 9581 9790 10046 13818 13832 13834 13873 13910 13917 13960 13964 14004 14012 14047 14048 14054 14081 14082 14101 14109 14112 14121 14170 14179 14181 14202 14209 14288 15101 15102 15103 15105 15107 18827 18828 
	}
    history={
		owner = HIN
		add_core_of = HIN
		buildings = {
			infrastructure = 1
		}
	}
	manpower=35602000
	buildings_max_level_factor=1.000
	state_category=rural
	local_supplies=0.000
}
