
state={
	id=94
	name="STATE_94"
	provinces={
		10 20 23 44 59 62 74 78 82 89 97 105 123 132 143 150 160 172 186 187 196 212 217 218 228 229 233 235 236 243 255 270 275 290 305 335 351 357 373 379 383 397 404 407 472 485 497 539 550 553 573 576 579 592 597 601 613 616 621 626 640 656 666 682 684 693 703 711 738 743 750 752 770 774 784 788 816 824 838 848 850 861 877 881 882 895 908 926 941 967 975 981 986 1021 1032 1052 1057 1063 1074 1078 1080 1082 1099 1102 1109 1117 1139 1147 1150 1151 1166 1168 1175 1183 1185 1187 1209 1214 1218 1263 1269 1270 1278 1279 1300 1331 1339 1353 1358 1372 1375 1379 1381 1383 1385 1387 1415 1434 1437 1447 1448 1458 1484 1501 1509 1517 1560 1562 1563 1573 1575 1576 1582 1588 1601 1607 1631 1655 1677 1693 1700 1705 1708 1717 1718 1729 1737 1788 1799 1802 1826 1851 1867 1869 1899 1901 1911 1949 1950 1957 1958 2012 2022 2027 2036 2050 2091 2092 2095 2101 2107 2109 2147 2150 2161 2200 2212 2237 2252 2265 2274 2283 2295 2297 2315 2340 2344 2352 2355 2362 2363 2391 2393 2401 2405 2447 2472 2474 2483 2485 2509 2539 2558 2562 2617 2625 2657 2687 2707 2714 2721 2725 2746 2751 2762 2764 2785 2820 2823 2840 2842 2854 2861 2870 2875 2879 2881 2932 2934 2936 2937 2950 2967 2995 3018 3025 3039 3041 3065 3083 3133 3145 3150 3152 3170 3175 3180 3183 3187 3195 3197 3212 3233 3234 3289 3291 3304 3307 3318 3320 3324 3334 3335 3339 3358 3367 3370 3386 3387 3395 3396 3404 3423 3429 3430 3446 3449 3453 3455 3473 3475 3483 3495 3496 3501 3519 3533 3549 3563 3566 3570 3578 3583 3589 3612 3618 3638 3643 3649 3656 3660 3675 3678 3686 3701 3726 3728 3731 3736 3776 3793 3802 3804 3813 3832 3847 3851 3857 3860 3861 3869 3875 3882 3890 3906 3908 3911 3916 3920 3929 3950 3977 3979 3982 4002 4034 4049 4066 4089 4101 4121 4169 4195 4207 4232 4254 4259 4261 4267 4289 4294 4305 4331 4364 4388 4437 4444 4518 4525 4580 4588 4604 4621 4622 4645 4653 4662 4666 4669 4692 4694 4695 4701 4703 4732 4740 4755 4760 4775 4780 4782 4787 4813 4823 4825 4833 4837 4841 4877 4891 4892 4914 4931 4932 4936 4989 5009 5017 5074 5081 5089 5125 5128 5141 5146 5151 5155 5165 5173 5179 5211 5222 5234 5238 5253 5279 5312 5315 5340 5396 5428 5431 5432 5440 5445 5456 5458 5465 5469 5476 5522 5527 5535 5540 5556 5571 5573 5589 5616 5622 5638 5680 5684 5687 5688 5721 5743 5744 5751 5761 5775 5788 5811 5823 5827 5876 5905 5911 5913 5920 5928 5932 5948 5953 5985 6014 6024 6048 6070 6072 6077 6078 6108 6116 6164 6169 6179 6193 6205 6228 6237 6244 6259 6282 6295 6303 6316 6317 6318 6323 6350 6375 6376 6386 6406 6423 6436 6453 6462 6464 6479 6485 6520 6528 6537 6544 6553 6557 6572 6634 6658 6683 6720 6736 6751 6756 6759 6772 6775 6787 6813 6835 6858 6863 6873 6892 6899 6903 6967 6973 6974 6978 6999 7016 7040 7049 7070 7071 7095 7097 7104 7115 7119 7136 7152 7179 7219 7243 7255 7256 7264 7276 7314 7317 7319 7346 7349 7351 7356 7375 7440 7452 7510 7520 7534 7551 7595 7612 7614 7673 7741 7784 7798 7800 7810 7812 7818 7845 7853 7857 7883 7889 7901 7911 7944 7953 7966 7977 7991 8004 8022 8030 8033 8044 8061 8062 8075 8079 8096 8114 8122 8138 8191 8194 8207 8234 8264 8267 8276 8284 8285 8318 8327 8330 8341 8380 8428 8434 8449 8494 8523 8532 8534 8535 8552 8609 8616 8644 8647 8685 8699 8724 8772 8780 8790 8805 8823 8858 8923 8937 8947 8989 8995 9003 9015 9021 9055 9060 9062 9067 9078 9108 9132 9138 9178 9189 9216 9220 9236 9262 9265 9276 9307 9343 9350 9365 9383 9385 9394 9404 9418 9448 9466 9473 9500 9508 9545 9547 9575 9595 9601 9620 9634 9663 9670 9679 9702 9720 9727 9778 9787 9834 9850 9888 9918 9921 9922 9927 9953 9973 9998 10020 10025 10032 10036 10039 10078 10084 10103 10106 10110 10113 10137 10147 10233 10716 10767 10784 10800 10802 10808 10809 10817 10833 10844 10849 10853 10854 10857 10860 10865 10866 10877 10894 10901 10903 10904 10917 10920 10921 10932 10935 10937 10939 10943 10954 10959 10963 10966 10968 10971 10978 10979 10984 10990 10992 10995 10996 10997 10998 11003 11004 11007 11021 11023 11031 11036 11046 11050 11051 11058 11081 11082 11092 11093 11095 11105 11110 11114 11115 11119 11123 11126 11130 11137 11145 11146 11149 11155 11166 11171 11173 11177 11186 11191 11194 11196 11197 11200 11211 11225 11231 11239 11245 11248 11250 11251 11259 11271 11276 11277 11280 11298 11303 11305 11306 11323 11329 11342 11349 11350 11351 11352 11364 11366 11367 11368 11372 11378 11379 11396 11403 11404 11428 11431 11432 11441 11445 11454 11457 11466 11477 11486 11493 11507 11508 11525 11552 11555 11560 11565 11577 11579 11580 11592 11595 11597 11607 11608 11611 11623 11632 11640 11643 11644 11652 11662 11675 11703 11711 11731 11732 11734 11753 11761 11764 11776 11785 11789 11791 11801 11802 11821 11826 11832 11833 11841 11847 11855 11880 11888 11894 11897 11916 11919 11932 11934 11936 11943 11946 11948 11951 11970 11974 11978 11984 12015 12030 12038 12039 12044 12056 12059 12067 12080 12084 12091 12103 12136 12141 12178 12217 12322 12325 12331 15043 18578 18720 18722 18731 18734 18737 
	}
	history={
		owner = KAZ
		add_core_of = KAZ
		buildings = {
			infrastructure = 2
		}
	}
	manpower=6198000
	buildings_max_level_factor=1.000
	state_category=rural
	local_supplies=0.000
}
