
state={
	id=96
	name="STATE_96"
	provinces={
		214 252 429 544 589 762 890 894 905 952 1004 1049 1098 1182 1219 1362 1444 1450 1498 1532 1751 1775 1811 1875 1933 2045 2300 2324 2422 2495 2502 2524 2548 2736 2747 2763 2997 3066 3091 3099 3271 3437 3642 3655 3773 3788 3820 3836 3980 3992 3993 4347 4386 4427 4452 4469 4558 4596 4677 4770 4901 4939 5059 5072 5076 5217 5313 5364 5479 5517 5585 5586 5649 5656 5683 5693 5706 5815 5842 5844 5871 5890 5952 6013 6079 6090 6123 6124 6271 6301 6388 6468 6469 6575 6817 6883 7123 7157 7307 7389 7490 7550 7597 7606 7689 7708 7720 7753 7754 7776 7783 7848 7872 7903 7946 8019 8023 8032 8165 8185 8198 8220 8343 8489 8497 8526 8541 8551 8613 8639 8670 8765 8842 8850 8951 8952 9063 9065 9071 9158 9211 9223 9227 9228 9277 9300 9413 9543 9548 9562 9588 9609 9636 9829 9898 9914 9943 10006 10042 10048 10061 10212 10218 10290 13570 13586 13622 13634 13659 13669 13766 13790 13812 13874 13904 13946 13981 13999 14025 14033 14036 14044 14055 14059 14060 14077 14078 14090 14096 14113 14150 14158 14165 14171 14173 14182 14187 14189 14193 14194 14203 14204 14206 14224 14230 14232 14241 14249 14251 14253 14258 14265 14269 14277 14278 14294 14300 14301 14306 14307 14310 14324 14326 14335 14349 14352 14355 14363 14372 14375 14379 14380 14385 14393 14397 14400 14404 14408 14410 14425 14433 14434 14444 14456 14475 14481 14497 14515 14516 14521 14531 14558 14561 14566 14577 14584 14593 14603 14606 14631 14644 14656 14662 14665 14668 14669 14677 14687 14691 14695 14708 14733 14757 14791 14822 14834 14843 15129 15133 15140 15141 15146 15152 
	}
	history={
		owner = BRM
		add_core_of = BRM
		victory_points = { 14669 10 } #仰光
		buildings = {
			infrastructure = 2
		}
	}
	manpower=14667146
	buildings_max_level_factor=1.000
	state_category=rural
	local_supplies=0.000
}
