state={
	id=97
	name="STATE_97"
	provinces={
		46 718 780 915 918 940 1314 1726 1846 1865 2019 2373 2437 2912 3290 3374 3461 3569 3941 4263 4301 4463 5221 5367 5596 5640 5894 5975 6053 6103 6114 6307 6443 6542 6885 6924 7145 7332 7578 7633 7661 7865 7905 7919 7952 8143 8576 8701 9014 9036 9129 9221 9417 9436 9489 9610 9744 10021 10175 13445 13484 13524 13532 13542 13543 13552 13566 13579 13585 13594 13618 13621 13630 13635 13662 13672 13678 13687 13688 13694 13707 13724 13730 13760 13761 
	}
    history = {
		owner = NEP
		add_core_of = NEP
		victory_points = { 13621 5 } #加德满都
		buildings = {
			infrastructure = 2
			industrial_complex = 1
			arms_factory = 1	
		}
	}
	manpower=5573791
	state_category=rural
	buildings_max_level_factor=1.000
	local_supplies=0.000
}
