state={
	id=99
	name="STATE_99"
	provinces={
		480 630 1399 2630 2832 3138 4114 5086 5947 7178 7445 7630 7742 9139 9756 13171 13216 13252 13297 13321 13329 13435 13500 13515 206 330 602 605 680 751 876 949 1017 1118 1145 1264 1577 1763 2024 2039 2066 2195 2368 2376 2423 2534 2596 2766 2835 2837 3376 3392 3863 3938 3943 4069 4193 4556 4642 4827 5050 5137 5213 5347 5423 5563 5666 5834 6064 6213 6369 6467 6486 6657 6677 6782 7151 7441 7479 7486 7508 7516 7748 7789 7874 8322 8414 8463 8602 8742 8896 8916 8957 9019 9027 9114 9576 10216 10292 13651 13728 13929 13970 13971 14013 14030 14067 14106 14157 14159 14233 14242 14254 14283 14304 14377 14381 14402 14437 14439 14448 14460 14471 14478 14482 14494 
	}
    history={
		owner = ZZZ
		buildings = {
			infrastructure = 3	
		}
	}
	manpower=12700000
	state_category=rural
	buildings_max_level_factor=1.000
	local_supplies=0.000
}
